0.6  0.2  0.2  0.2  0.2  0.6  0.3  0.3  0.2  0.2
0.6  0.3  0.3  0.3  0.3  0.2  0.2  0.2  0.2  0.2  0.2
0.3  0.3  0.3  0.2  0.2  0.2  0.2  0.3  0.3  0.3  0.2  0.2
0.1  0.5  0.8  0.4  0.1  0.6  0.3  0.2
0.2  0.2  0.2  0.2  0.2  0.2  0.2  0.2  0.2  0.2
0.4  0.4  0.3  0.3  0.3  0.3  0.2  0.2  0.2  0.1  0.6  0.5  0.4  0.4  0.4
0.5  0.4  0.4  0.2  0.5  0.4  0.4  0.2
0.2  0.2  0.1  0.1  0.1  0.1  0.2  0.1  0.1  0.1  0.1  0.1  0.1  0.2  0.2
0.15 0.14 0.66 0.33 0.71 0.91 0.1 0.01 0.09 0.12 0.34 0.44
0.11 0.11 0.11 0.22 0.22 0.22 0.13 0.14 0.15 0.18 0.19 0.13 0.07
0.67 0.11 0.11 0.11 0.25 0.25 0.25 0.25